3505.297473512632 0.3196671709531014
3558.2722086389567 0.36232980332829046
3621.841890790546 0.41588502269288957
3680.114099429503 0.4503782148260212
3738.3863080684596 0.5012102874432678
3780.766096169519 0.5366111951588503
3839.038304808476 0.5765506807866869
3918.5004074979624 0.6046898638426627
3976.772616136919 0.6001512859304085
4024.4498777506114 0.6101361573373676
4082.722086389568 0.6518910741301059
4156.886715566422 0.6827534039334342
4225.753871230643 0.6918305597579425
4257.538712306438 0.7045385779122542
4321.108394458028 0.7281391830559758
4384.678076609616 0.7317700453857792
4442.950285248574 0.727231467473525
4517.114914425428 0.7317700453857792
4607.17196414018 0.7308623298033283
4676.039119804401 0.7245083207261724
4729.013854930725 0.7172465960665658
4755.501222493887 0.7072617246596067
4845.558272208639 0.7063540090771558
4893.235533822331 0.6972768532526475
4972.697636511817 0.6927382753403933
5041.564792176039 0.6900151285930408
5126.324368378158 0.6891074130105901
5083.944580277099 0.6863842662632376
5211.083944580278 0.6891074130105901
5306.43846780766 0.6881996974281392
5412.38793806031 0.6863842662632376
5502.444987775061 0.6845688350983359
5581.907090464548 0.6745839636913767
5661.369193154034 0.6618759455370651
5698.451507742461 0.6437216338880485
5735.533822330888 0.6255673222390318
5788.508557457213 0.6301059001512859
5836.1858190709045 0.6291981845688351
5889.160554197229 0.6319213313161876
5936.837815810921 0.6310136157337367
5979.21760391198 0.6428139183055976
6037.489812550937 0.6527987897125568
6053.382233088834 0.6437216338880485
6116.951915240424 0.6473524962178517
6228.198859005704 0.6618759455370651
6318.255908720456 0.6709531013615734
6387.1230643846775 0.6664145234493193
6466.585167074165 0.6745839636913767
6493.072534637327 0.6773071104387292
6546.047269763651 0.6754916792738275
6588.42705786471 0.6700453857791225
6636.104319478402 0.6745839636913767
6678.484107579463 0.6827534039334342
6757.946210268949 0.6763993948562783
6879.788101059495 0.6754916792738275
6938.060309698451 0.683661119515885
6980.440097799511 0.6718608169440242
7049.307253463732 0.6645990922844176
7086.38956805216 0.6709531013615734
7118.174409127954 0.6745839636913767
7160.554197229014 0.6655068078668684
7218.826405867971 0.6754916792738275
7271.801140994295 0.6682299546142209
7324.77587612062 0.6682299546142209
7340.668296658517 0.6573373676248109
7377.750611246944 0.6491679273827534
7393.643031784841 0.6609682299546142
7436.0228198859 0.6527987897125568
7494.295028524857 0.6437216338880485
7531.377343113284 0.6400907715582451
7552.567237163814 0.6591527987897126
7594.947025264874 0.6818456883509834
7632.0293398533 0.6909228441754917
7679.706601466993 0.7118003025718609
7737.978810105949 0.7372163388804841
7785.656071719641 0.7580937972768533
7801.548492257539 0.7462934947049924
7828.035859820701 0.7535552193645991
7896.903015484922 0.7553706505295008
7965.7701711491445 0.7662632375189108
8082.314588427058 0.7762481089258699
8182.966585167074 0.7744326777609682
8273.023634881825 0.7853252647503782
8347.188264058681 0.7789712556732225
8410.75794621027 0.7671709531013616
8490.220048899755 0.7771558245083208
8569.682151589242 0.7708018154311649
8654.44172779136 0.7662632375189108
8696.821515892421 0.7644478063540091
8728.606356968216 0.7735249621785174
8781.58109209454 0.7562783661119516
8850.448247758763 0.7462934947049924
8898.125509372454 0.7571860816944025
8919.315403422985 0.7499243570347958
8966.992665036676 0.7363086232980333
9025.264873675631 0.7444780635400908
9072.942135289324 0.7281391830559758
9110.02444987775 0.7308623298033283
9178.891605541972 0.72178517397882
9215.9739201304 0.7090771558245084
9247.758761206194 0.6972768532526475
9284.841075794622 0.6972768532526475
9321.923390383048 0.6791225416036308
9374.898125509371 0.6537065052950075
9459.65770171149 0.6346444780635401
9533.822330888346 0.6210287443267777
9586.797066014671 0.6010590015128593
9639.771801140994 0.5765506807866869
9660.961695191525 0.5574886535552194
9735.126324368379 0.5211800302571861
9788.101059494704 0.4939485627836611
9841.075794621027 0.4667170953101361
9883.455582722087 0.4258698940998487
9952.322738386309 0.37594553706505296
